Greedy Output:
eil22/eil22: Total distance traveled: 617.5051199262804, Truck load: [5600, 5700, 5600, 5600], Routes: [[0, 19, 18, 14, 11, 21, 0], [0, 5, 17, 10, 12, 2, 0], [0, 16, 15, 9, 13, 3, 0], [0, 20, 1, 6, 4, 8, 7, 0]], Individual route distance: [164.89061683555173, 192.22861962480013, 91.02945384053288, 169.35642962539563], Execution time: 0.000000000000000000000000000000 s
eil23/eil23: Total distance traveled: 582.8394743378005, Truck load: [4100, 3039, 3050], Routes: [[0, 10, 0], [0, 9, 7, 17, 15, 2, 14, 21, 3, 13, 18, 0], [0, 19, 20, 12, 6, 1, 22, 4, 11, 16, 5, 8, 0]], Individual route distance: [67.05221845696084, 241.38024851393573, 274.40700736690394], Execution time: 0.000000000000000000000000000000 s
eil30/eil30: Total distance traveled: 676.8677571277291, Truck load: [4225, 4225, 4300], Routes: [[0, 2, 26, 16, 17, 9, 3, 7, 0], [0, 21, 24, 20, 13, 12, 25, 5, 22, 19, 18, 0], [0, 29, 15, 1, 6, 28, 10, 11, 23, 4, 8, 27, 14, 0]], Individual route distance: [235.1998593427253, 178.63367338659785, 263.03422439840585], Execution time: 0.015625000000000000000000000000 s
eil33/eil33: Total distance traveled: 1198.2354142469183, Truck load: [7400, 7320, 7350, 7300], Routes: [[0, 26, 24, 29, 13, 28, 21, 9, 0], [0, 30, 32, 18, 20, 5, 25, 15, 1, 6, 0], [0, 7, 4, 16, 2, 11, 27, 10, 19, 0], [0, 31, 22, 23, 3, 14, 17, 8, 12, 0]], Individual route distance: [350.5675775404685, 277.2867341855339, 323.19019788464476, 247.19090463627097], Execution time: 0.015625000000000000000000000000 s
eil51/eil51: Total distance traveled: 851.9806936471908, Truck load: [155, 156, 156, 155, 155], Routes: [[0, 18, 11, 27, 24, 40, 13, 32, 17, 3, 37, 0], [0, 2, 33, 44, 9, 1, 8, 42, 29, 48, 45, 0], [0, 12, 5, 6, 15, 26, 47, 38, 36, 49, 50, 0], [0, 20, 7, 16, 31, 21, 41, 28, 10, 30, 4, 0], [0, 25, 14, 23, 43, 22, 34, 39, 46, 35, 19, 0]], Individual route distance: [158.7799683123401, 181.96719440116254, 106.79508213959029, 291.8174256288847, 112.62102316521366], Execution time: 0.015625000000000000000000000000 s
eilA76/eilA76: Total distance traveled: 1539.3050084882807, Truck load: [136, 135, 139, 135, 135, 137, 139, 135, 135, 138], Routes: [[0, 11, 48, 25, 35, 38, 36, 62, 72, 0], [0, 66, 75, 61, 68, 59, 51, 27, 0], [0, 40, 17, 19, 55, 31, 57, 47, 23, 0], [0, 14, 58, 41, 74, 56, 18, 52, 0], [0, 4, 30, 44, 42, 2, 3, 1, 0], [0, 67, 50, 8, 65, 10, 29, 26, 71, 0], [0, 9, 53, 12, 15, 33, 60, 43, 73, 0], [0, 28, 5, 39, 63, 46, 13, 6, 0], [0, 21, 45, 54, 70, 64, 22, 16, 0], [0, 32, 20, 7, 69, 24, 37, 34, 49, 0]], Individual route distance: [208.78874130498758, 227.58150017938559, 92.48427280417698, 175.16663303969375, 74.95331880577405, 82.90593396055579, 184.30333407561218, 141.39596763985057, 146.02514249361064, 205.70016418463254], Execution time: 0.015625000000000000000000000000 s
eilA101/eilA101: Total distance traveled: 2274.8585472798727, Truck load: [183, 183, 183, 183, 182, 182, 181, 181], Routes: [[0, 85, 65, 27, 97, 40, 7, 67, 53, 37, 54, 42, 98, 0], [0, 48, 14, 9, 11, 52, 36, 87, 45, 74, 62, 70, 21, 0], [0, 68, 93, 10, 18, 64, 84, 55, 66, 82, 2, 44, 17, 33, 0], [0, 86, 30, 100, 3, 73, 25, 92, 81, 71, 43, 22, 6, 83, 0], [0, 39, 32, 58, 50, 88, 56, 46, 5, 89, 57, 4, 24, 96, 0], [0, 49, 79, 75, 77, 8, 41, 91, 94, 34, 99, 12, 60, 1, 0], [0, 23, 13, 19, 61, 20, 69, 47, 28, 15, 95, 78, 51, 0], [0, 59, 72, 26, 76, 29, 80, 31, 38, 35, 16, 90, 63, 0]], Individual route distance: [230.76124179318836, 294.0659160162968, 294.08799337830135, 325.84615487213955, 287.6459656611758, 348.8525526565618, 322.5448572271139, 171.05386567509285], Execution time: 0.015625000000000000000000000000 s
eilB76/eilB76: Total distance traveled: 1812.1121416355547, Truck load: [96, 97, 95, 95, 100, 97, 96, 96, 96, 97, 96, 96, 96, 96, 15], Routes: [[0, 11, 8, 65, 58, 60, 0], [0, 66, 44, 63, 17, 13, 0], [0, 40, 27, 15, 45, 12, 0], [0, 14, 6, 69, 5, 39, 0], [0, 4, 16, 55, 50, 23, 54, 0], [0, 67, 34, 70, 53, 7, 0], [0, 9, 48, 35, 20, 19, 0], [0, 28, 75, 68, 30, 41, 0], [0, 21, 1, 74, 31, 61, 0], [0, 32, 47, 51, 38, 25, 0], [0, 64, 52, 3, 59, 37, 0], [0, 24, 26, 42, 2, 57, 0], [0, 33, 43, 22, 10, 18, 0], [0, 46, 62, 36, 56, 29, 0], [0, 73, 71, 49, 72, 0]], Individual route distance: [140.70564602725628, 149.11498120529055, 76.98698406825758, 139.2954216502254, 69.44491904340545, 41.06795965940347, 141.41363703349873, 95.75408421817104, 139.63121314199367, 144.2595568330619, 219.2416406181885, 175.95980125168737, 101.81786789259243, 74.34078835208052, 103.07764064044152], Execution time: 0.015625000000000000000000000000 s
eilB101/eilB101: Total distance traveled: 2216.4278143651045, Truck load: [105, 105, 105, 105, 105, 105, 104, 104, 104, 104, 103, 103, 103, 103], Routes: [[0, 85, 38, 64, 92, 16, 69, 97, 0], [0, 48, 10, 40, 36, 4, 2, 76, 0], [0, 68, 27, 63, 41, 12, 43, 11, 0], [0, 86, 28, 98, 42, 95, 57, 18, 0], [0, 39, 19, 52, 70, 65, 84, 82, 0], [0, 49, 62, 83, 80, 14, 25, 61, 0], [0, 23, 22, 8, 90, 30, 73, 71, 0], [0, 59, 44, 20, 17, 93, 88, 89, 46, 0], [0, 31, 54, 96, 7, 13, 56, 34, 0], [0, 47, 58, 1, 55, 32, 99, 53, 91, 0], [0, 94, 75, 51, 6, 79, 15, 77, 0], [0, 5, 26, 21, 24, 66, 35, 3, 0], [0, 81, 100, 33, 60, 67, 37, 50, 0], [0, 87, 9, 29, 78, 72, 74, 45, 0]], Individual route distance: [137.468324776267, 156.1851187597498, 181.06135423870063, 154.90752800091553, 177.67848849934504, 192.97442453278552, 142.79861610973745, 152.26773888281792, 158.30525713065074, 223.61193111653694, 103.98887765513828, 113.59173603117449, 210.07416188634923, 111.51425674493507], Execution time: 0.031250000000000000000000000000 s
eilC76/eilC76: Total distance traveled: 1354.0853228990024, Truck load: [170, 173, 171, 171, 171, 170, 169, 169], Routes: [[0, 11, 50, 62, 57, 55, 2, 41, 72, 6, 70, 0], [0, 66, 53, 27, 18, 23, 10, 12, 49, 16, 36, 0], [0, 40, 30, 26, 29, 73, 46, 39, 71, 58, 51, 0], [0, 14, 59, 47, 60, 68, 33, 54, 17, 3, 0], [0, 4, 20, 34, 13, 74, 64, 44, 5, 22, 0], [0, 67, 56, 43, 61, 65, 24, 7, 75, 35, 0], [0, 9, 31, 52, 25, 15, 21, 19, 48, 42, 0], [0, 28, 38, 1, 37, 69, 32, 8, 45, 63, 0]], Individual route distance: [318.687658045346, 193.70954314601727, 152.46671725449676, 132.49092675518142, 94.05342295828038, 66.49423964153047, 201.43058620950956, 194.75222888864053], Execution time: 0.031250000000000000000000000000 s
eilD76/eilD76: Total distance traveled: 1296.2260008905378, Truck load: [194, 193, 193, 195, 197, 196, 196], Routes: [[0, 11, 59, 52, 39, 3, 72, 33, 8, 35, 17, 60, 0], [0, 66, 20, 47, 54, 22, 46, 44, 68, 58, 13, 0], [0, 40, 38, 6, 7, 42, 24, 1, 74, 30, 25, 0], [0, 14, 31, 16, 19, 63, 71, 64, 26, 65, 50, 37, 0], [0, 4, 2, 34, 41, 70, 73, 21, 43, 15, 53, 57, 0], [0, 67, 10, 48, 61, 36, 49, 32, 62, 69, 5, 18, 0], [0, 9, 56, 75, 12, 51, 23, 28, 27, 55, 45, 29, 0]], Individual route distance: [192.65444942840475, 223.2814684083819, 159.79503313203568, 331.33467528634753, 105.95975153773097, 94.12233996350434, 189.078283134132], Execution time: 0.031250000000000000000000000000 s
total time:0.03125 s